# Force coefficients
# liftDir     : (0.000000e+00 1.000000e+00 0.000000e+00)
# dragDir     : (1.000000e+00 0.000000e+00 0.000000e+00)
# pitchAxis   : (0.000000e+00 0.000000e+00 1.000000e+00)
# magUInf     : 1.000000e+00
# lRef        : 1.000000e+00
# Aref        : 1.000000e+00
# CofR        : (0.000000e+00 0.000000e+00 0.000000e+00)
# Time        	Cm            	Cd            	Cl            	Cl(f)         	Cl(r)         
1             	-6.104773e-05	4.851237e-02	2.750423e-04	7.647344e-05	1.985689e-04
2             	3.411073e-03	5.498337e-02	9.576755e-03	8.199451e-03	1.377304e-03
3             	-2.563575e-04	6.824481e-02	-1.093265e-03	-8.029900e-04	-2.902750e-04
4             	7.462180e-04	8.950602e-02	2.145085e-04	8.534722e-04	-6.389638e-04
5             	2.241125e-04	9.126660e-02	-2.337504e-04	1.072373e-04	-3.409877e-04
6             	1.014519e-03	1.110588e-01	-7.094153e-04	6.598109e-04	-1.369226e-03
7             	2.677525e-04	1.285750e-01	2.905294e-03	1.720400e-03	1.184895e-03
8             	-7.327081e-04	1.383101e-01	3.184156e-03	8.593698e-04	2.324786e-03
9             	-1.291087e-04	1.558154e-01	-3.732462e-03	-1.995340e-03	-1.737122e-03
10            	2.301937e-03	1.623037e-01	-1.021394e-02	-2.805033e-03	-7.408907e-03
11            	2.266035e-03	1.642581e-01	-1.941040e-03	1.295515e-03	-3.236555e-03
12            	6.448712e-03	1.634856e-01	-1.131533e-02	7.910482e-04	-1.210638e-02
13            	7.412966e-05	1.587865e-01	2.633859e-03	1.391059e-03	1.242800e-03
14            	5.718212e-04	1.587336e-01	1.462706e-03	1.303174e-03	1.595318e-04
15            	4.122322e-03	1.565401e-01	-4.033875e-03	2.105384e-03	-6.139260e-03
16            	3.493287e-03	1.572786e-01	-3.493625e-03	1.746474e-03	-5.240099e-03
17            	-4.437207e-04	1.556606e-01	2.722894e-03	9.177263e-04	1.805168e-03
18            	9.720804e-04	1.540394e-01	5.881399e-03	3.912780e-03	1.968619e-03
19            	2.332407e-03	1.542593e-01	-3.557677e-03	5.535684e-04	-4.111245e-03
20            	-1.573926e-03	1.535015e-01	1.813451e-02	7.493330e-03	1.064118e-02
21            	9.549049e-04	1.535469e-01	1.943693e-03	1.926751e-03	1.694146e-05
22            	1.774458e-03	1.531081e-01	-5.049306e-03	-7.501946e-04	-4.299111e-03
23            	1.436977e-03	1.536908e-01	1.341781e-02	8.145884e-03	5.271929e-03
24            	1.132722e-03	1.530899e-01	1.146923e-02	6.867335e-03	4.601891e-03
25            	1.199864e-04	1.531740e-01	3.332356e-03	1.786164e-03	1.546191e-03
26            	-6.023050e-04	1.528930e-01	4.601882e-03	1.698636e-03	2.903246e-03
27            	2.649975e-04	1.529458e-01	4.827655e-03	2.678825e-03	2.148830e-03
28            	6.719960e-04	1.526163e-01	8.602670e-04	1.102130e-03	-2.418625e-04
29            	2.182923e-04	1.528756e-01	2.243877e-03	1.340231e-03	9.036462e-04
30            	7.686046e-04	1.527219e-01	3.452301e-03	2.494755e-03	9.575457e-04
31            	5.119571e-05	1.529120e-01	9.695448e-04	5.359681e-04	4.335767e-04
32            	3.004956e-04	1.528062e-01	2.925750e-03	1.763371e-03	1.162379e-03
33            	1.269731e-03	1.527718e-01	2.879059e-03	2.709261e-03	1.697982e-04
34            	6.975706e-04	1.527758e-01	5.931606e-03	3.663374e-03	2.268232e-03
35            	8.084283e-04	1.527723e-01	5.543737e-03	3.580297e-03	1.963440e-03
36            	1.207935e-03	1.527664e-01	3.875848e-03	3.145859e-03	7.299891e-04
37            	1.206139e-03	1.526748e-01	4.596187e-03	3.504233e-03	1.091954e-03
38            	1.563752e-03	1.525624e-01	4.454008e-03	3.790756e-03	6.632523e-04
39            	2.028279e-03	1.524735e-01	1.635276e-03	2.845917e-03	-1.210641e-03
40            	1.690589e-03	1.524989e-01	2.663901e-03	3.022539e-03	-3.586384e-04
41            	2.114125e-03	1.525051e-01	3.593318e-03	3.910784e-03	-3.174658e-04
42            	2.487651e-03	1.526024e-01	3.601502e-03	4.288402e-03	-6.868996e-04
43            	3.444338e-03	1.537664e-01	3.164191e-03	5.026434e-03	-1.862243e-03
44            	5.385379e-03	1.553809e-01	4.784728e-03	7.777743e-03	-2.993015e-03
45            	7.142335e-03	1.567170e-01	1.208490e-02	1.318478e-02	-1.099886e-03
46            	9.780241e-03	1.581556e-01	2.292125e-02	2.124087e-02	1.680385e-03
47            	1.189953e-02	1.597854e-01	3.392440e-02	2.886173e-02	5.062666e-03
48            	1.353092e-02	1.615409e-01	4.258174e-02	3.482179e-02	7.759945e-03
49            	1.368715e-02	1.633187e-01	5.108114e-02	3.922772e-02	1.185342e-02
50            	1.361048e-02	1.651740e-01	6.159618e-02	4.440857e-02	1.718762e-02
51            	1.533658e-02	1.669557e-01	7.218501e-02	5.142909e-02	2.075592e-02
52            	1.502367e-02	1.689531e-01	8.613017e-02	5.808876e-02	2.804141e-02
53            	1.540693e-02	1.695842e-01	9.860832e-02	6.471109e-02	3.389723e-02
54            	1.599499e-02	1.698037e-01	1.051427e-01	6.856632e-02	3.657634e-02
55            	1.522106e-02	1.703533e-01	1.161944e-01	7.331824e-02	4.287611e-02
56            	1.669134e-02	1.708405e-01	1.254118e-01	7.939726e-02	4.601457e-02
57            	1.673054e-02	1.711375e-01	1.372559e-01	8.535848e-02	5.189740e-02
58            	1.674340e-02	1.712935e-01	1.497433e-01	9.161507e-02	5.812826e-02
59            	1.664686e-02	1.714409e-01	1.663390e-01	9.981638e-02	6.652266e-02
60            	1.723563e-02	1.713318e-01	1.835798e-01	1.090255e-01	7.455429e-02
61            	1.705594e-02	1.713941e-01	1.974982e-01	1.158051e-01	8.169318e-02
62            	1.647136e-02	1.713977e-01	2.093677e-01	1.211552e-01	8.821250e-02
63            	1.631179e-02	1.714428e-01	2.176127e-01	1.251181e-01	9.249454e-02
64            	1.639024e-02	1.715388e-01	2.266934e-01	1.297370e-01	9.695648e-02
65            	1.680929e-02	1.716423e-01	2.325364e-01	1.330775e-01	9.945894e-02
66            	1.731005e-02	1.716233e-01	2.349315e-01	1.347758e-01	1.001557e-01
67            	1.745201e-02	1.716475e-01	2.391627e-01	1.370334e-01	1.021294e-01
68            	1.780592e-02	1.716500e-01	2.398568e-01	1.377343e-01	1.021225e-01
69            	1.828685e-02	1.716409e-01	2.402211e-01	1.383974e-01	1.018237e-01
70            	1.983005e-02	1.715571e-01	2.389061e-01	1.392831e-01	9.962298e-02
71            	2.071934e-02	1.714922e-01	2.406471e-01	1.410429e-01	9.960420e-02
72            	2.198704e-02	1.713926e-01	2.401419e-01	1.420580e-01	9.808393e-02
73            	2.270895e-02	1.713927e-01	2.382786e-01	1.418482e-01	9.643035e-02
74            	2.380992e-02	1.713155e-01	2.389737e-01	1.432968e-01	9.567694e-02
75            	2.514335e-02	1.713606e-01	2.372829e-01	1.437848e-01	9.349810e-02
76            	2.591841e-02	1.713346e-01	2.359595e-01	1.438981e-01	9.206133e-02
77            	2.657687e-02	1.714506e-01	2.349867e-01	1.440702e-01	9.091651e-02
78            	2.704257e-02	1.714066e-01	2.337090e-01	1.438971e-01	8.981193e-02
79            	2.797561e-02	1.714253e-01	2.312160e-01	1.435836e-01	8.763241e-02
80            	2.861266e-02	1.713872e-01	2.292087e-01	1.432170e-01	8.599168e-02
81            	2.927921e-02	1.714285e-01	2.266026e-01	1.425805e-01	8.402210e-02
82            	2.972664e-02	1.714498e-01	2.244225e-01	1.419379e-01	8.248459e-02
83            	2.954053e-02	1.713441e-01	2.234717e-01	1.412764e-01	8.219531e-02
84            	3.037406e-02	1.712766e-01	2.195482e-01	1.401482e-01	7.940005e-02
85            	3.029123e-02	1.713350e-01	2.169977e-01	1.387901e-01	7.820764e-02
86            	3.026862e-02	1.713191e-01	2.141906e-01	1.373639e-01	7.682666e-02
87            	3.018209e-02	1.713609e-01	2.095272e-01	1.349457e-01	7.458151e-02
88            	3.042595e-02	1.713587e-01	2.045671e-01	1.327095e-01	7.185759e-02
89            	3.139220e-02	1.713632e-01	2.027691e-01	1.327768e-01	6.999237e-02
90            	3.199447e-02	1.713739e-01	2.012900e-01	1.326395e-01	6.865054e-02
91            	3.234827e-02	1.714225e-01	1.981330e-01	1.314148e-01	6.671820e-02
92            	3.328695e-02	1.714817e-01	1.962164e-01	1.313952e-01	6.482126e-02
93            	3.359606e-02	1.728580e-01	1.944086e-01	1.308004e-01	6.360824e-02
94            	3.426910e-02	1.745795e-01	1.924078e-01	1.304730e-01	6.193478e-02
95            	3.360398e-02	1.762392e-01	1.900167e-01	1.286123e-01	6.140438e-02
96            	3.440473e-02	1.780589e-01	1.832614e-01	1.260354e-01	5.722598e-02
97            	3.340405e-02	1.799838e-01	1.745036e-01	1.206558e-01	5.384776e-02
98            	3.159666e-02	1.817237e-01	1.639255e-01	1.135594e-01	5.036609e-02
99            	3.157534e-02	1.835380e-01	1.513315e-01	1.072411e-01	4.409040e-02
100           	3.022115e-02	1.858030e-01	1.425468e-01	1.014946e-01	4.105227e-02
101           	3.062374e-02	1.878241e-01	1.324656e-01	9.685654e-02	3.560905e-02
102           	3.095064e-02	1.903252e-01	1.161528e-01	8.902703e-02	2.712575e-02
103           	2.713296e-02	1.910431e-01	1.013714e-01	7.781867e-02	2.355275e-02
104           	2.341566e-02	1.910780e-01	9.702015e-02	7.192574e-02	2.509442e-02
105           	2.341250e-02	1.918298e-01	7.263047e-02	5.972773e-02	1.290273e-02
106           	2.203416e-02	1.921234e-01	6.453922e-02	5.430377e-02	1.023545e-02
107           	1.739672e-02	1.928703e-01	6.476488e-02	4.977916e-02	1.498572e-02
108           	1.566171e-02	1.927358e-01	4.556447e-02	3.844394e-02	7.120523e-03
109           	1.207653e-02	1.926827e-01	3.399984e-02	2.907645e-02	4.923388e-03
110           	9.786641e-03	1.927899e-01	2.714323e-02	2.335826e-02	3.784976e-03
111           	6.372093e-03	1.931745e-01	1.686671e-02	1.480545e-02	2.061261e-03
112           	3.493513e-03	1.931438e-01	1.168538e-02	9.336202e-03	2.349176e-03
113           	2.541353e-03	1.932557e-01	4.487066e-03	4.784886e-03	-2.978200e-04
114           	1.924939e-03	1.932517e-01	7.085379e-04	2.279208e-03	-1.570670e-03
115           	1.891750e-04	1.932437e-01	2.500419e-03	1.439385e-03	1.061035e-03
116           	5.443585e-05	1.931562e-01	1.263190e-04	1.175954e-04	8.723675e-06
117           	-9.432951e-05	1.931740e-01	-2.280440e-03	-1.234549e-03	-1.045890e-03
118           	-1.509899e-04	1.931573e-01	-3.735476e-04	-3.377637e-04	-3.578391e-05
119           	-1.883361e-04	1.931273e-01	1.498010e-03	5.606687e-04	9.373409e-04
120           	-1.356043e-04	1.931573e-01	-4.133249e-04	-3.422668e-04	-7.105816e-05
121           	-2.579411e-04	1.931783e-01	-1.138997e-03	-8.274394e-04	-3.115573e-04
122           	-4.590508e-04	1.932067e-01	-1.330775e-03	-1.124438e-03	-2.063368e-04
123           	-1.342189e-03	1.932580e-01	-1.132718e-03	-1.908548e-03	7.758302e-04
124           	-1.448354e-03	1.933025e-01	-2.963384e-03	-2.930046e-03	-3.333818e-05
125           	-1.703826e-03	1.932869e-01	-3.418454e-03	-3.413053e-03	-5.400370e-06
126           	-1.856695e-03	1.932988e-01	-3.222684e-03	-3.468037e-03	2.453526e-04
127           	-2.015715e-03	1.932975e-01	-3.535573e-03	-3.783502e-03	2.479287e-04
128           	-2.073803e-03	1.933072e-01	-4.414820e-03	-4.281213e-03	-1.336069e-04
129           	-2.235490e-03	1.933236e-01	-3.608639e-03	-4.039810e-03	4.311707e-04
130           	-2.243307e-03	1.933323e-01	-3.654173e-03	-4.070394e-03	4.162211e-04
131           	-2.328310e-03	1.933282e-01	-3.633145e-03	-4.144883e-03	5.117372e-04
132           	-2.415459e-03	1.933348e-01	-3.049196e-03	-3.940057e-03	8.908612e-04
133           	-2.446313e-03	1.933446e-01	-3.387708e-03	-4.140168e-03	7.524590e-04
134           	-2.280487e-03	1.933411e-01	-3.818095e-03	-4.189535e-03	3.714400e-04
135           	-2.355933e-03	1.933423e-01	-3.623008e-03	-4.167437e-03	5.444287e-04
136           	-2.467696e-03	1.933496e-01	-2.939634e-03	-3.937512e-03	9.978789e-04
137           	-2.302686e-03	1.933492e-01	-3.454704e-03	-4.030038e-03	5.753334e-04
138           	-2.276634e-03	1.933502e-01	-3.758832e-03	-4.156050e-03	3.972184e-04
139           	-2.213900e-03	1.933569e-01	-3.670900e-03	-4.049350e-03	3.784501e-04
140           	-2.461225e-03	1.933563e-01	-2.726317e-03	-3.824384e-03	1.098067e-03
141           	-2.537698e-03	1.933565e-01	-2.733979e-03	-3.904687e-03	1.170709e-03
142           	-2.376783e-03	1.934182e-01	-3.028756e-03	-3.891161e-03	8.624049e-04
143           	-2.234429e-03	1.950299e-01	-4.617006e-03	-4.542932e-03	-7.407448e-05
144           	-1.898962e-03	1.969137e-01	-5.987752e-03	-4.892838e-03	-1.094914e-03
145           	-2.240590e-03	1.987816e-01	-4.661330e-03	-4.571255e-03	-9.007449e-05
146           	-2.962643e-03	2.005080e-01	-4.403324e-03	-5.164305e-03	7.609805e-04
147           	-3.886122e-03	2.023069e-01	-4.046726e-03	-5.909485e-03	1.862759e-03
148           	-4.759081e-03	2.045940e-01	-5.584687e-03	-7.551424e-03	1.966737e-03
149           	-3.572640e-03	2.072024e-01	-6.993478e-04	-3.922314e-03	3.222966e-03
150           	-3.113124e-03	2.094641e-01	-4.588709e-03	-5.407478e-03	8.187692e-04
151           	-7.625414e-04	2.113151e-01	-5.601646e-03	-3.563364e-03	-2.038282e-03
152           	-1.671712e-03	2.142445e-01	-3.360484e-03	-3.351955e-03	-8.529744e-06
153           	-2.289788e-03	2.151476e-01	4.673333e-03	4.687894e-05	4.626454e-03
154           	-2.595609e-03	2.153757e-01	3.208256e-03	-9.914805e-04	4.199737e-03
155           	-1.325369e-03	2.156857e-01	-2.112068e-03	-2.381403e-03	2.693348e-04
156           	-2.922788e-05	2.159417e-01	-4.960608e-03	-2.509532e-03	-2.451076e-03
157           	-3.741451e-03	2.161047e-01	4.456635e-03	-1.513133e-03	5.969768e-03
158           	-3.795194e-03	2.161286e-01	8.965929e-04	-3.346897e-03	4.243490e-03
159           	-3.097011e-03	2.168436e-01	-2.241269e-03	-4.217646e-03	1.976377e-03
160           	-2.393706e-03	2.170033e-01	-2.321064e-03	-3.554238e-03	1.233174e-03
161           	-3.123174e-03	2.169129e-01	5.123996e-03	-5.611755e-04	5.685172e-03
162           	-2.423578e-03	2.169769e-01	1.605199e-03	-1.620978e-03	3.226177e-03
163           	-9.639277e-04	2.172864e-01	-1.256880e-03	-1.592368e-03	3.354877e-04
164           	-9.905378e-04	2.172744e-01	-2.263874e-03	-2.122475e-03	-1.413993e-04
165           	-1.177074e-03	2.172830e-01	-1.999355e-03	-2.176751e-03	1.773965e-04
166           	-8.968541e-04	2.173396e-01	-3.682236e-03	-2.737972e-03	-9.442640e-04
167           	-6.789867e-04	2.174549e-01	-3.591758e-03	-2.474865e-03	-1.116892e-03
168           	-7.504526e-04	2.175354e-01	-2.254773e-03	-1.877839e-03	-3.769337e-04
169           	-7.087756e-04	2.175734e-01	-3.670434e-03	-2.543993e-03	-1.126442e-03
170           	-7.908253e-04	2.176073e-01	-4.048458e-03	-2.815054e-03	-1.233403e-03
171           	-7.054063e-04	2.175781e-01	-2.817909e-03	-2.114361e-03	-7.035483e-04
172           	-4.805175e-04	2.175788e-01	-2.733243e-03	-1.847139e-03	-8.861042e-04
173           	-8.240111e-04	2.175506e-01	-2.639523e-03	-2.143772e-03	-4.957502e-04
174           	-6.946153e-04	2.175635e-01	-2.900355e-03	-2.144793e-03	-7.555620e-04
175           	-5.868323e-04	2.175584e-01	-3.299049e-03	-2.236357e-03	-1.062692e-03
176           	-7.106873e-04	2.175756e-01	-2.333846e-03	-1.877610e-03	-4.562359e-04
177           	-6.436755e-04	2.175673e-01	-2.708274e-03	-1.997812e-03	-7.104613e-04
178           	-7.041555e-04	2.175643e-01	-3.440993e-03	-2.424652e-03	-1.016341e-03
179           	-7.463511e-04	2.175586e-01	-2.876820e-03	-2.184761e-03	-6.920590e-04
180           	-7.223993e-04	2.175613e-01	-2.846414e-03	-2.145607e-03	-7.008079e-04
181           	-6.582834e-04	2.175579e-01	-3.107371e-03	-2.211969e-03	-8.954019e-04
182           	-7.625203e-04	2.175581e-01	-3.107050e-03	-2.316046e-03	-7.910049e-04
183           	-7.369918e-04	2.175563e-01	-3.272345e-03	-2.373164e-03	-8.991806e-04
184           	-7.199076e-04	2.175557e-01	-2.716353e-03	-2.078084e-03	-6.382688e-04
185           	-7.714172e-04	2.175560e-01	-2.697240e-03	-2.120037e-03	-5.772030e-04
186           	-6.726244e-04	2.175557e-01	-3.644793e-03	-2.495021e-03	-1.149772e-03
187           	-7.667887e-04	2.175560e-01	-2.970032e-03	-2.251804e-03	-7.182271e-04
188           	-8.630373e-04	2.175575e-01	-2.666097e-03	-2.196086e-03	-4.700110e-04
189           	-5.927054e-04	2.175549e-01	-3.329180e-03	-2.257295e-03	-1.071884e-03
190           	-7.265165e-04	2.175583e-01	-3.441171e-03	-2.447102e-03	-9.940691e-04
191           	-9.305726e-04	2.175568e-01	-2.452056e-03	-2.156600e-03	-2.954554e-04
192           	-5.931883e-04	2.176448e-01	-3.294757e-03	-2.240567e-03	-1.054190e-03
193           	1.073775e-04	2.194865e-01	-6.516808e-03	-3.151027e-03	-3.365782e-03
194           	-7.155730e-04	2.215833e-01	-4.517896e-03	-2.974521e-03	-1.543375e-03
195           	-3.386319e-04	2.233618e-01	-3.584997e-03	-2.131130e-03	-1.453866e-03
196           	-7.504641e-04	2.253600e-01	-5.090772e-03	-3.295850e-03	-1.794922e-03
197           	-6.166258e-04	2.274529e-01	-4.509462e-03	-2.871357e-03	-1.638105e-03
198           	1.686549e-04	2.295290e-01	-4.813762e-03	-2.238226e-03	-2.575536e-03
199           	-2.217891e-03	2.317679e-01	2.874789e-04	-2.074152e-03	2.361631e-03
200           	-1.522718e-03	2.337664e-01	7.970980e-04	-1.124170e-03	1.921267e-03
201           	5.254510e-04	2.365833e-01	-4.883200e-03	-1.916149e-03	-2.967051e-03
202           	-3.488641e-03	2.385131e-01	9.499138e-03	1.260927e-03	8.238210e-03
203           	-2.790798e-03	2.403507e-01	9.535636e-03	1.977020e-03	7.558616e-03
204           	-3.489581e-03	2.395858e-01	3.936415e-03	-1.521373e-03	5.457788e-03
205           	-1.413654e-03	2.411951e-01	6.844914e-05	-1.379429e-03	1.447879e-03
206           	-2.936081e-04	2.414970e-01	6.706853e-03	3.059818e-03	3.647035e-03
207           	-8.661284e-04	2.419344e-01	6.140885e-03	2.204314e-03	3.936571e-03
208           	1.047315e-04	2.416892e-01	2.160467e-03	1.184965e-03	9.755018e-04
209           	-4.747257e-04	2.419763e-01	1.037827e-03	4.418765e-05	9.936391e-04
210           	-8.994574e-04	2.417278e-01	9.446870e-04	-4.271139e-04	1.371801e-03
211           	-8.545017e-04	2.419062e-01	6.644877e-04	-5.222579e-04	1.186746e-03
212           	-4.805941e-04	2.417562e-01	4.357040e-04	-2.627421e-04	6.984460e-04
213           	-1.061413e-03	2.418572e-01	3.684999e-03	7.810867e-04	2.903912e-03
214           	-1.498629e-03	2.417406e-01	3.820957e-03	4.118495e-04	3.409107e-03
215           	-1.578604e-03	2.417121e-01	1.979087e-03	-5.890603e-04	2.568148e-03
216           	-1.675813e-03	2.417524e-01	2.336950e-03	-5.073378e-04	2.844288e-03
217           	-1.741938e-03	2.417621e-01	3.134101e-03	-1.748876e-04	3.308988e-03
218           	-1.919224e-03	2.417727e-01	2.183464e-03	-8.274920e-04	3.010956e-03
219           	-1.763832e-03	2.417442e-01	1.165959e-03	-1.180852e-03	2.346811e-03
220           	-1.829663e-03	2.417890e-01	1.831435e-03	-9.139450e-04	2.745380e-03
221           	-1.932341e-03	2.417755e-01	2.318381e-03	-7.731508e-04	3.091532e-03
222           	-1.804726e-03	2.418099e-01	1.885502e-03	-8.619752e-04	2.747478e-03
223           	-1.697308e-03	2.417923e-01	1.187016e-03	-1.103800e-03	2.290817e-03
224           	-1.704899e-03	2.418049e-01	1.655382e-03	-8.772076e-04	2.532590e-03
225           	-1.667177e-03	2.417833e-01	1.973641e-03	-6.803562e-04	2.653998e-03
226           	-1.681641e-03	2.418013e-01	1.361133e-03	-1.001075e-03	2.362208e-03
227           	-1.797385e-03	2.417893e-01	1.784646e-03	-9.050623e-04	2.689709e-03
228           	-1.794595e-03	2.417919e-01	2.219824e-03	-6.846828e-04	2.904507e-03
229           	-1.743656e-03	2.417837e-01	1.640421e-03	-9.234454e-04	2.563866e-03
230           	-1.603711e-03	2.417867e-01	1.277169e-03	-9.651263e-04	2.242296e-03
231           	-1.711632e-03	2.417867e-01	1.924141e-03	-7.495611e-04	2.673702e-03
232           	-1.753803e-03	2.417847e-01	2.011778e-03	-7.479142e-04	2.759692e-03
233           	-1.784375e-03	2.417813e-01	1.881501e-03	-8.436246e-04	2.725125e-03
234           	-1.758637e-03	2.417808e-01	1.474375e-03	-1.021450e-03	2.495825e-03
235           	-1.723093e-03	2.417796e-01	1.720308e-03	-8.629390e-04	2.583247e-03
236           	-1.744360e-03	2.417808e-01	1.629009e-03	-9.298558e-04	2.558865e-03
237           	-1.730703e-03	2.417910e-01	1.674451e-03	-8.934775e-04	2.567929e-03
238           	-1.735854e-03	2.417942e-01	1.734724e-03	-8.684915e-04	2.603216e-03
239           	-1.791074e-03	2.417861e-01	1.865027e-03	-8.585609e-04	2.723588e-03
240           	-1.776843e-03	2.417833e-01	1.746279e-03	-9.037037e-04	2.649983e-03
241           	-1.720353e-03	2.417828e-01	1.647189e-03	-8.967587e-04	2.543948e-03
242           	-1.602608e-03	2.418975e-01	1.362168e-03	-9.215238e-04	2.283692e-03
243           	-6.838424e-04	2.439201e-01	-1.628296e-03	-1.497990e-03	-1.303056e-04
244           	5.329437e-04	2.463554e-01	-3.578449e-03	-1.256281e-03	-2.322168e-03
245           	3.478835e-04	2.490748e-01	-2.885393e-03	-1.094813e-03	-1.790580e-03
246           	-1.676940e-03	2.504547e-01	1.638570e-03	-8.576548e-04	2.496225e-03
247           	-9.680403e-04	2.523086e-01	-4.756892e-04	-1.205885e-03	7.301957e-04
248           	5.039257e-04	2.549172e-01	-3.270279e-03	-1.131214e-03	-2.139065e-03
249           	-2.913845e-03	2.586836e-01	8.809558e-03	1.490934e-03	7.318624e-03
250           	-1.551071e-03	2.601317e-01	4.402472e-03	6.501652e-04	3.752307e-03
251           	4.879295e-04	2.634822e-01	-7.742732e-03	-3.383437e-03	-4.359295e-03
252           	8.670429e-04	2.653923e-01	-5.050305e-03	-1.658110e-03	-3.392195e-03
253           	-3.661434e-03	2.663772e-01	1.379007e-02	3.233599e-03	1.055647e-02
254           	-2.813619e-03	2.669172e-01	8.969761e-03	1.671261e-03	7.298500e-03
255           	7.421908e-04	2.679399e-01	-1.138281e-02	-4.949214e-03	-6.433596e-03
256           	7.822246e-05	2.680215e-01	-2.289985e-04	-3.627680e-05	-1.927217e-04
257           	-1.757418e-03	2.686209e-01	4.225369e-03	3.552660e-04	3.870103e-03
258           	-1.595772e-03	2.687498e-01	-2.483248e-03	-2.837396e-03	3.541482e-04
259           	-1.735424e-03	2.687164e-01	-5.242111e-03	-4.356480e-03	-8.856312e-04
260           	-1.567384e-03	2.686695e-01	-3.305080e-04	-1.732638e-03	1.402130e-03
261           	-2.658545e-03	2.686134e-01	-9.356637e-04	-3.126376e-03	2.190713e-03
262           	-3.023335e-03	2.685752e-01	-2.871924e-03	-4.459298e-03	1.587373e-03
263           	-2.468464e-03	2.685824e-01	-1.042936e-03	-2.989932e-03	1.946996e-03
264           	-2.290936e-03	2.685355e-01	-7.525786e-04	-2.667225e-03	1.914646e-03
265           	-2.582309e-03	2.684806e-01	-7.203937e-04	-2.942506e-03	2.222112e-03
266           	-2.607300e-03	2.685046e-01	-2.175158e-03	-3.694879e-03	1.519721e-03
267           	-2.304273e-03	2.685120e-01	-1.794755e-03	-3.201650e-03	1.406895e-03
268           	-2.272145e-03	2.685227e-01	-1.529273e-03	-3.036782e-03	1.507508e-03
269           	-2.543888e-03	2.685142e-01	-7.134949e-04	-2.900636e-03	2.187141e-03
270           	-2.519513e-03	2.685219e-01	-1.302907e-03	-3.170966e-03	1.868059e-03
271           	-2.468643e-03	2.685070e-01	-1.542900e-03	-3.240094e-03	1.697193e-03
272           	-2.613936e-03	2.685135e-01	-8.434622e-04	-3.035667e-03	2.192205e-03
273           	-2.710720e-03	2.684859e-01	-1.039445e-03	-3.230442e-03	2.190997e-03
274           	-2.536281e-03	2.684861e-01	-1.577942e-03	-3.325252e-03	1.747309e-03
275           	-2.453012e-03	2.684722e-01	-1.207793e-03	-3.056908e-03	1.849116e-03
276           	-2.625138e-03	2.684711e-01	-1.187182e-03	-3.218729e-03	2.031547e-03
277           	-2.491765e-03	2.684607e-01	-1.346843e-03	-3.165186e-03	1.818343e-03
278           	-2.447280e-03	2.684573e-01	-1.940867e-03	-3.417714e-03	1.476847e-03
279           	-2.464535e-03	2.684487e-01	-1.239712e-03	-3.084391e-03	1.844679e-03
280           	-2.572093e-03	2.684454e-01	-1.023126e-03	-3.083656e-03	2.060530e-03
281           	-2.325572e-03	2.684391e-01	-1.451364e-03	-3.051254e-03	1.599891e-03
282           	-2.532166e-03	2.684344e-01	-1.648465e-03	-3.356398e-03	1.707933e-03
283           	-2.684097e-03	2.684311e-01	-1.273898e-03	-3.321046e-03	2.047148e-03
284           	-2.659641e-03	2.684265e-01	-1.611894e-03	-3.465588e-03	1.853694e-03
285           	-2.494039e-03	2.684250e-01	-1.464164e-03	-3.226121e-03	1.761958e-03
286           	-2.630702e-03	2.684204e-01	-9.884129e-04	-3.124909e-03	2.136496e-03
287           	-2.664990e-03	2.684180e-01	-1.305971e-03	-3.317975e-03	2.012005e-03
288           	-2.442413e-03	2.684163e-01	-1.329400e-03	-3.107113e-03	1.777713e-03
289           	-2.536794e-03	2.684156e-01	-1.205262e-03	-3.139425e-03	1.934163e-03
290           	-2.654475e-03	2.684142e-01	-1.196180e-03	-3.252565e-03	2.056385e-03
291           	-2.596582e-03	2.684127e-01	-1.741150e-03	-3.467157e-03	1.726007e-03
292           	-2.368043e-03	2.685825e-01	-2.209782e-03	-3.472934e-03	1.263152e-03
293           	-2.331315e-03	2.707974e-01	-2.462773e-03	-3.562701e-03	1.099929e-03
294           	-1.734911e-03	2.731275e-01	-3.204232e-03	-3.337027e-03	1.327949e-04
295           	-3.077385e-03	2.755516e-01	-9.372532e-04	-3.546012e-03	2.608759e-03
296           	-4.671870e-03	2.778107e-01	2.104561e-03	-3.619589e-03	5.724150e-03
297           	-8.289780e-03	2.801425e-01	7.201835e-03	-4.688862e-03	1.189070e-02
298           	-6.429384e-03	2.833130e-01	6.163574e-03	-3.347597e-03	9.511172e-03
299           	-4.486838e-03	2.853222e-01	-3.531713e-03	-6.252695e-03	2.720981e-03
300           	-3.215289e-03	2.887968e-01	2.254603e-03	-2.087988e-03	4.342591e-03
301           	-2.551133e-03	2.916804e-01	-9.482313e-03	-7.292290e-03	-2.190023e-03
302           	-5.763278e-03	2.943984e-01	3.026883e-03	-4.249836e-03	7.276720e-03
303           	-2.502927e-03	2.948856e-01	2.164985e-04	-2.394678e-03	2.611177e-03
304           	-8.747837e-04	2.947179e-01	-4.559242e-03	-3.154405e-03	-1.404838e-03
305           	-1.034269e-03	2.952041e-01	1.532869e-03	-2.678345e-04	1.800703e-03
306           	-1.973265e-03	2.951461e-01	8.147411e-03	2.100440e-03	6.046970e-03
307           	-9.549011e-04	2.955088e-01	-1.490060e-03	-1.699931e-03	2.098709e-04
308           	-3.181796e-04	2.958937e-01	-4.384662e-03	-2.510511e-03	-1.874151e-03
309           	-5.890656e-04	2.962232e-01	-6.461635e-04	-9.121474e-04	2.659838e-04
310           	-7.569215e-04	2.960664e-01	-2.667225e-03	-2.090534e-03	-5.766909e-04
311           	-7.059921e-04	2.961155e-01	-3.079958e-03	-2.245971e-03	-8.339868e-04
312           	3.859823e-05	2.961032e-01	-3.328242e-03	-1.625523e-03	-1.702719e-03
313           	3.920824e-04	2.961962e-01	-2.307404e-03	-7.616196e-04	-1.545784e-03
314           	4.292624e-04	2.962865e-01	-2.078176e-03	-6.098258e-04	-1.468351e-03
315           	4.772963e-04	2.962712e-01	-1.517697e-03	-2.815521e-04	-1.236145e-03
316           	7.123591e-04	2.963378e-01	-5.829670e-04	4.208756e-04	-1.003843e-03
317           	3.638263e-04	2.963821e-01	-6.361339e-04	4.575930e-05	-6.818932e-04
318           	4.754814e-04	2.963670e-01	-1.843878e-03	-4.464575e-04	-1.397420e-03
319           	3.993356e-04	2.963416e-01	-1.730509e-03	-4.659189e-04	-1.264590e-03
320           	4.177828e-04	2.963635e-01	-1.118936e-03	-1.416853e-04	-9.772510e-04
321           	1.160383e-04	2.963595e-01	-5.921806e-04	-1.800520e-04	-4.121286e-04
322           	5.021292e-04	2.963678e-01	-1.717734e-03	-3.567376e-04	-1.360996e-03
323           	2.353790e-04	2.963624e-01	-1.040760e-03	-2.850010e-04	-7.557590e-04
324           	3.523200e-04	2.963759e-01	-7.913943e-04	-4.337719e-05	-7.480171e-04
325           	3.951750e-04	2.963850e-01	-1.382013e-03	-2.958317e-04	-1.086182e-03
326           	4.718185e-04	2.963979e-01	-1.091615e-03	-7.398887e-05	-1.017626e-03
327           	4.182656e-04	2.964019e-01	-1.077157e-03	-1.203132e-04	-9.568443e-04
328           	2.952041e-04	2.964090e-01	-1.235180e-03	-3.223858e-04	-9.127939e-04
329           	3.798573e-04	2.964161e-01	-1.244459e-03	-2.423722e-04	-1.002087e-03
330           	2.885532e-04	2.964233e-01	-1.246655e-03	-3.347743e-04	-9.118807e-04
331           	3.239393e-04	2.964278e-01	-1.404397e-03	-3.782594e-04	-1.026138e-03
332           	4.754932e-04	2.964380e-01	-9.742922e-04	-1.165293e-05	-9.626392e-04
333           	3.222866e-04	2.964439e-01	-8.363260e-04	-9.587642e-05	-7.404496e-04
334           	4.168274e-04	2.964388e-01	-8.963173e-04	-3.133132e-05	-8.649860e-04
335           	4.618676e-04	2.964408e-01	-1.255835e-03	-1.660499e-04	-1.089785e-03
336           	4.153695e-04	2.964453e-01	-7.749095e-04	2.791471e-05	-8.028243e-04
337           	5.518742e-04	2.964478e-01	-1.583365e-03	-2.398082e-04	-1.343557e-03
338           	3.894946e-04	2.964518e-01	-1.134555e-03	-1.777828e-04	-9.567721e-04
339           	4.108690e-04	2.964586e-01	-1.226608e-03	-2.024351e-04	-1.024173e-03
340           	3.894114e-04	2.964623e-01	-1.191905e-03	-2.065413e-04	-9.853641e-04
341           	4.277540e-04	2.964564e-01	-1.354135e-03	-2.493135e-04	-1.104822e-03
342           	5.616882e-04	2.965733e-01	-1.968105e-03	-4.223645e-04	-1.545741e-03
343           	1.038294e-03	2.986888e-01	-4.635814e-03	-1.279613e-03	-3.356200e-03
344           	1.073027e-03	3.010841e-01	-4.581936e-03	-1.217941e-03	-3.363995e-03
345           	-7.708821e-04	3.030776e-01	2.753516e-03	6.058762e-04	2.147640e-03
346           	3.718717e-03	3.067151e-01	-1.003496e-02	-1.298765e-03	-8.736199e-03
347           	9.580198e-04	3.090050e-01	5.567813e-04	1.236410e-03	-6.796291e-04
348           	1.876182e-03	3.113663e-01	3.139080e-03	3.445722e-03	-3.066419e-04
349           	8.880073e-04	3.140525e-01	-3.920845e-03	-1.072415e-03	-2.848430e-03
350           	8.704310e-04	3.168298e-01	-1.759203e-03	-9.170626e-06	-1.750033e-03
351           	8.375117e-04	3.187841e-01	4.914781e-03	3.294902e-03	1.619879e-03
352           	-1.450193e-03	3.216700e-01	1.516320e-02	6.131409e-03	9.031795e-03
353           	-1.336144e-03	3.231572e-01	1.897469e-02	8.151202e-03	1.082349e-02
354           	1.680476e-03	3.233305e-01	5.575158e-03	4.468056e-03	1.107103e-03
355           	4.701334e-03	3.237846e-01	-1.099812e-04	4.646344e-03	-4.756325e-03
356           	3.280434e-03	3.240221e-01	8.365506e-03	7.463187e-03	9.023188e-04
357           	2.972540e-03	3.244248e-01	2.604974e-03	4.275027e-03	-1.670053e-03
358           	1.068797e-03	3.239248e-01	-3.640174e-03	-7.512903e-04	-2.888883e-03
359           	6.510393e-04	3.237566e-01	-5.379162e-03	-2.038542e-03	-3.340620e-03
360           	5.857239e-04	3.239293e-01	-9.575098e-04	1.069690e-04	-1.064479e-03
361           	-6.988278e-04	3.242044e-01	2.061782e-03	3.320630e-04	1.729719e-03
362           	-1.022201e-03	3.240147e-01	5.385849e-03	1.670723e-03	3.715126e-03
363           	-1.851048e-03	3.239943e-01	-1.010400e-04	-1.901568e-03	1.800528e-03
364           	-9.800240e-04	3.238701e-01	-1.183464e-03	-1.571756e-03	3.882918e-04
365           	-1.274166e-03	3.238731e-01	-3.309209e-04	-1.439626e-03	1.108705e-03
366           	-1.674935e-03	3.237819e-01	1.621584e-04	-1.593856e-03	1.756015e-03
367           	-1.487454e-03	3.238479e-01	6.870826e-04	-1.143913e-03	1.830995e-03
368           	-1.415602e-03	3.238081e-01	8.063972e-04	-1.012403e-03	1.818801e-03
369           	-1.628875e-03	3.238677e-01	-1.922981e-04	-1.725024e-03	1.532726e-03
370           	-1.569840e-03	3.238452e-01	-3.883196e-05	-1.589256e-03	1.550424e-03
371           	-1.703321e-03	3.239022e-01	-1.055190e-03	-2.230916e-03	1.175726e-03
372           	-1.479061e-03	3.238876e-01	-5.413936e-05	-1.506131e-03	1.451991e-03
373           	-1.818782e-03	3.239220e-01	1.970742e-04	-1.720245e-03	1.917319e-03
374           	-1.668003e-03	3.239169e-01	5.072457e-04	-1.414380e-03	1.921626e-03
375           	-2.044581e-03	3.239397e-01	-5.498259e-04	-2.319494e-03	1.769668e-03
376           	-1.992704e-03	3.239415e-01	2.658924e-04	-1.859757e-03	2.125650e-03
377           	-2.108084e-03	3.239566e-01	-4.445706e-04	-2.330369e-03	1.885799e-03
378           	-2.213812e-03	3.239477e-01	-4.521257e-04	-2.439875e-03	1.987749e-03
379           	-2.285341e-03	3.239715e-01	7.875036e-04	-1.891589e-03	2.679093e-03
380           	-2.059842e-03	3.239634e-01	-6.372603e-04	-2.378473e-03	1.741212e-03
381           	-1.981056e-03	3.239572e-01	-7.932568e-04	-2.377685e-03	1.584428e-03
382           	-1.693972e-03	3.239572e-01	-4.602235e-04	-1.924084e-03	1.463860e-03
383           	-1.649502e-03	3.239609e-01	-1.024892e-03	-2.161948e-03	1.137056e-03
384           	-1.605360e-03	3.239488e-01	-9.619956e-04	-2.086358e-03	1.124362e-03
385           	-1.684919e-03	3.239413e-01	-1.596820e-03	-2.483329e-03	8.865092e-04
386           	-1.762628e-03	3.239465e-01	-9.568658e-04	-2.241061e-03	1.284195e-03
387           	-1.762548e-03	3.239444e-01	-4.927894e-04	-2.008943e-03	1.516153e-03
388           	-1.923276e-03	3.239407e-01	-5.261944e-04	-2.186373e-03	1.660178e-03
389           	-2.093206e-03	3.239395e-01	-3.382063e-05	-2.110116e-03	2.076296e-03
390           	-1.924938e-03	3.239384e-01	2.360136e-04	-1.806931e-03	2.042945e-03
391           	-1.954424e-03	3.239362e-01	1.761877e-04	-1.866330e-03	2.042517e-03
392           	-1.942421e-03	3.239497e-01	3.836787e-04	-1.750582e-03	2.134261e-03
393           	-2.500445e-03	3.257173e-01	-1.577953e-03	-3.289422e-03	1.711469e-03
394           	-3.405202e-03	3.285241e-01	1.916417e-03	-2.446994e-03	4.363411e-03
395           	2.390352e-03	3.314356e-01	-1.074301e-02	-2.981154e-03	-7.761857e-03
396           	-6.814167e-04	3.340257e-01	-2.714493e-03	-2.038663e-03	-6.758295e-04
397           	-1.115619e-03	3.363794e-01	1.349375e-02	5.631254e-03	7.862492e-03
398           	-2.297537e-03	3.387872e-01	7.132436e-03	1.268681e-03	5.863755e-03
399           	2.925339e-03	3.407135e-01	-1.141348e-02	-2.781399e-03	-8.632077e-03
400           	1.873365e-03	3.433134e-01	4.626175e-03	4.186452e-03	4.397228e-04
401           	-4.640797e-03	3.474242e-01	1.757510e-02	4.146753e-03	1.342835e-02
402           	-1.062174e-03	3.502267e-01	1.354856e-02	5.712107e-03	7.836455e-03
403           	4.426749e-03	3.520439e-01	-5.736387e-03	1.558556e-03	-7.294943e-03
404           	1.586524e-03	3.520924e-01	-2.080164e-03	5.464414e-04	-2.626606e-03
405           	1.109709e-03	3.527788e-01	8.546595e-03	5.383006e-03	3.163589e-03
406           	1.094589e-03	3.527337e-01	-6.035782e-03	-1.923302e-03	-4.112480e-03
407           	3.520779e-03	3.529082e-01	-9.661912e-03	-1.310177e-03	-8.351735e-03
408           	1.582884e-03	3.527138e-01	-1.449744e-03	8.580115e-04	-2.307756e-03
409           	1.206357e-04	3.531661e-01	-5.483843e-04	-1.535565e-04	-3.948278e-04
410           	-2.635740e-04	3.530336e-01	-2.025835e-03	-1.276491e-03	-7.493433e-04
411           	5.807902e-04	3.532620e-01	-5.575526e-04	3.020139e-04	-8.595665e-04
412           	-1.909333e-04	3.533222e-01	4.084241e-03	1.851187e-03	2.233054e-03
413           	-1.271034e-03	3.534618e-01	2.749886e-03	1.039088e-04	2.645977e-03
414           	-1.295821e-03	3.533888e-01	-1.932615e-03	-2.262128e-03	3.295130e-04
415           	-8.844717e-04	3.535654e-01	-1.870658e-04	-9.780046e-04	7.909388e-04
416           	-1.056607e-03	3.534307e-01	3.359247e-05	-1.039810e-03	1.073403e-03
417           	-1.306404e-03	3.533730e-01	-1.352483e-03	-1.982645e-03	6.301629e-04
418           	-1.079795e-03	3.533204e-01	-1.796840e-03	-1.978215e-03	1.813753e-04
419           	-1.333618e-03	3.533188e-01	-4.825923e-04	-1.574914e-03	1.092322e-03
420           	-1.315711e-03	3.532705e-01	5.009351e-04	-1.065243e-03	1.566178e-03
421           	-1.643814e-03	3.532567e-01	4.258773e-04	-1.430875e-03	1.856753e-03
422           	-1.331936e-03	3.532232e-01	-2.026205e-03	-2.345039e-03	3.188337e-04
423           	-1.063074e-03	3.531931e-01	-2.236944e-03	-2.181546e-03	-5.539764e-05
424           	-1.363250e-03	3.531850e-01	-9.344028e-04	-1.830452e-03	8.960488e-04
425           	-1.452263e-03	3.531671e-01	-7.972766e-04	-1.850901e-03	1.053625e-03
426           	-1.265938e-03	3.531528e-01	-1.877845e-03	-2.204860e-03	3.270153e-04
427           	-1.459871e-03	3.531430e-01	1.993192e-04	-1.360211e-03	1.559530e-03
428           	-1.483153e-03	3.531214e-01	6.486080e-05	-1.450723e-03	1.515583e-03
429           	-1.529106e-03	3.531173e-01	-2.941534e-04	-1.676183e-03	1.382029e-03
430           	-1.180338e-03	3.531008e-01	-1.463921e-03	-1.912299e-03	4.483777e-04
431           	-1.050742e-03	3.530809e-01	-2.654502e-03	-2.377993e-03	-2.765087e-04
432           	-1.108687e-03	3.530740e-01	-2.828853e-03	-2.523113e-03	-3.057396e-04
433           	-1.142674e-03	3.530664e-01	-1.587417e-03	-1.936382e-03	3.489654e-04
434           	-1.490686e-03	3.530688e-01	4.292141e-04	-1.276079e-03	1.705293e-03
435           	-1.613261e-03	3.530627e-01	2.645612e-04	-1.480981e-03	1.745542e-03
436           	-1.991185e-03	3.530640e-01	2.561712e-03	-7.103285e-04	3.272040e-03
437           	-1.519010e-03	3.530628e-01	-2.920571e-05	-1.533613e-03	1.504407e-03
438           	-1.608409e-03	3.530539e-01	9.146383e-04	-1.151090e-03	2.065728e-03
439           	-1.496417e-03	3.530482e-01	-1.221907e-03	-2.107371e-03	8.854634e-04
440           	-1.030187e-03	3.530516e-01	-2.889089e-03	-2.474732e-03	-4.143575e-04
441           	-1.709244e-03	3.530480e-01	-6.730928e-04	-2.045791e-03	1.372698e-03
442           	-1.159631e-03	3.530601e-01	-1.199369e-03	-1.759316e-03	5.599467e-04
443           	-4.179888e-04	3.537395e-01	-5.087810e-03	-2.961894e-03	-2.125916e-03
444           	2.349375e-03	3.568517e-01	-1.077332e-02	-3.037284e-03	-7.736035e-03
445           	3.506035e-03	3.593580e-01	-1.175807e-02	-2.372998e-03	-9.385068e-03
446           	3.386784e-03	3.624839e-01	-6.640118e-03	6.672504e-05	-6.706843e-03
447           	9.911100e-04	3.645765e-01	-1.101250e-03	4.404852e-04	-1.541735e-03
448           	6.046344e-03	3.681481e-01	-1.443496e-02	-1.171138e-03	-1.326383e-02
449           	5.376261e-03	3.706982e-01	-7.020977e-03	1.865772e-03	-8.886749e-03
450           	6.169704e-03	3.727383e-01	-1.785005e-03	5.277201e-03	-7.062207e-03
451           	6.482325e-03	3.765114e-01	-1.024663e-02	1.359008e-03	-1.160564e-02
452           	1.529369e-03	3.783970e-01	9.661373e-04	2.012438e-03	-1.046300e-03
453           	1.029898e-02	3.788876e-01	-2.447621e-03	9.075174e-03	-1.152279e-02
454           	8.167953e-03	3.774965e-01	5.290905e-03	1.081341e-02	-5.522500e-03
455           	8.938709e-03	3.777789e-01	2.899224e-03	1.038832e-02	-7.489097e-03
456           	9.051386e-03	3.772850e-01	-5.148549e-03	6.477111e-03	-1.162566e-02
457           	7.055243e-03	3.765210e-01	-6.008613e-03	4.050937e-03	-1.005955e-02
458           	5.408313e-03	3.762678e-01	-2.222117e-03	4.297254e-03	-6.519371e-03
459           	4.597427e-03	3.760238e-01	-5.922775e-03	1.636040e-03	-7.558815e-03
460           	4.982957e-03	3.758458e-01	-7.231354e-03	1.367280e-03	-8.598634e-03
461           	6.089808e-03	3.754688e-01	-4.161620e-03	4.008998e-03	-8.170618e-03
462           	5.662076e-03	3.752415e-01	-2.836689e-03	4.243731e-03	-7.080420e-03
463           	5.895272e-03	3.751480e-01	-5.293312e-03	3.248616e-03	-8.541928e-03
464           	4.955924e-03	3.751436e-01	-3.644121e-03	3.133864e-03	-6.777985e-03
465           	3.137949e-03	3.753354e-01	-1.360361e-03	2.457768e-03	-3.818129e-03
466           	2.148890e-03	3.754686e-01	6.484154e-05	2.181311e-03	-2.116469e-03
467           	2.715215e-03	3.755420e-01	-1.190951e-03	2.119739e-03	-3.310690e-03
468           	2.929261e-03	3.756464e-01	-9.877617e-04	2.435380e-03	-3.423142e-03
469           	2.092889e-03	3.758643e-01	9.030804e-04	2.544429e-03	-1.641349e-03
470           	1.271541e-03	3.759870e-01	3.126568e-03	2.834825e-03	2.917426e-04
471           	9.736467e-04	3.759898e-01	3.309673e-03	2.628483e-03	6.811899e-04
472           	1.037844e-03	3.760452e-01	3.119010e-03	2.597349e-03	5.216615e-04
473           	8.670049e-04	3.761133e-01	3.876702e-03	2.805356e-03	1.071346e-03
474           	1.302372e-03	3.761465e-01	2.794647e-03	2.699695e-03	9.495200e-05
475           	1.384824e-03	3.761585e-01	2.689292e-03	2.729470e-03	-4.017782e-05
476           	2.183208e-03	3.761740e-01	6.390871e-04	2.502751e-03	-1.863664e-03
477           	2.409783e-03	3.761808e-01	1.248714e-04	2.472219e-03	-2.347348e-03
478           	2.226732e-03	3.761539e-01	-4.949882e-05	2.201983e-03	-2.251482e-03
479           	1.548283e-03	3.761214e-01	1.615042e-03	2.355804e-03	-7.407613e-04
480           	1.963400e-03	3.761230e-01	1.174691e-03	2.550745e-03	-1.376054e-03
481           	2.686145e-03	3.761063e-01	-8.645056e-04	2.253892e-03	-3.118398e-03
482           	2.546703e-03	3.760867e-01	-4.085515e-04	2.342427e-03	-2.750979e-03
483           	1.183800e-03	3.760749e-01	2.587533e-03	2.477566e-03	1.099669e-04
484           	2.042762e-03	3.760751e-01	8.863251e-04	2.485925e-03	-1.599599e-03
485           	3.157055e-03	3.760720e-01	-1.497435e-03	2.408337e-03	-3.905772e-03
486           	2.414796e-03	3.760802e-01	2.127379e-04	2.521165e-03	-2.308427e-03
487           	1.200345e-03	3.760790e-01	2.101749e-03	2.251220e-03	-1.494709e-04
488           	2.099268e-03	3.760788e-01	1.494418e-04	2.173989e-03	-2.024547e-03
489           	2.779362e-03	3.760892e-01	-1.116546e-03	2.221089e-03	-3.337635e-03
490           	2.345165e-03	3.760887e-01	6.429946e-04	2.666662e-03	-2.023667e-03
491           	1.214612e-03	3.760984e-01	2.679977e-03	2.554600e-03	1.253766e-04
492           	2.278479e-03	3.760929e-01	-1.250207e-04	2.215968e-03	-2.340989e-03
493           	2.460248e-03	3.766716e-01	-1.143656e-03	1.888420e-03	-3.032076e-03
494           	1.892002e-03	3.801308e-01	-3.716890e-03	3.355742e-05	-3.750447e-03
495           	2.799652e-03	3.836545e-01	-6.623718e-03	-5.122064e-04	-6.111511e-03
496           	1.525546e-04	3.866781e-01	2.157796e-03	1.231453e-03	9.263435e-04
497           	-2.510206e-03	3.898784e-01	1.557283e-02	5.276209e-03	1.029662e-02
498           	2.045796e-03	3.930312e-01	1.585987e-03	2.838790e-03	-1.252803e-03
499           	2.222396e-03	3.950132e-01	3.239770e-03	3.842281e-03	-6.025112e-04
500           	2.168630e-03	3.972204e-01	2.043210e-02	1.238468e-02	8.047422e-03
501           	-8.961940e-05	4.006986e-01	1.708221e-02	8.451486e-03	8.630725e-03
502           	-3.826742e-03	4.029494e-01	1.471625e-02	3.531385e-03	1.118487e-02
503           	6.793263e-04	4.033241e-01	8.212652e-03	4.785652e-03	3.427000e-03
504           	1.325069e-03	4.032400e-01	9.242603e-03	5.946370e-03	3.296233e-03
505           	-1.995183e-03	4.024176e-01	1.614432e-02	6.076979e-03	1.006734e-02
506           	7.121994e-04	4.024035e-01	5.515674e-03	3.470036e-03	2.045638e-03
507           	-1.639741e-04	4.016987e-01	2.743788e-03	1.207920e-03	1.535868e-03
508           	2.778105e-03	4.010208e-01	-5.139945e-03	2.081322e-04	-5.348077e-03
509           	1.846301e-03	3.996361e-01	2.512233e-03	3.102417e-03	-5.901842e-04
510           	7.384600e-04	3.999874e-01	1.033135e-03	1.255027e-03	-2.218927e-04
511           	-2.847732e-06	3.997444e-01	-6.328059e-04	-3.192507e-04	-3.135552e-04
512           	2.233426e-04	3.984919e-01	2.285334e-03	1.366009e-03	9.193242e-04
513           	-2.781307e-04	3.981616e-01	3.919092e-03	1.681416e-03	2.237677e-03
514           	8.785347e-04	3.971990e-01	2.832979e-03	2.295024e-03	5.379549e-04
515           	-4.419746e-04	3.961734e-01	3.956209e-03	1.536130e-03	2.420079e-03
516           	1.166616e-03	3.950268e-01	3.570136e-04	1.345123e-03	-9.881093e-04
517           	2.768673e-03	3.944323e-01	-2.356749e-03	1.590298e-03	-3.947047e-03
518           	-2.193544e-05	3.937473e-01	6.771963e-03	3.364046e-03	3.407917e-03
519           	4.829863e-04	3.923616e-01	1.893786e-03	1.429879e-03	4.639065e-04
520           	3.642441e-04	3.913794e-01	4.563809e-03	2.646149e-03	1.917660e-03
521           	-2.628643e-03	3.906818e-01	1.057808e-02	2.660397e-03	7.917683e-03
522           	-8.070668e-04	3.893594e-01	3.795827e-03	1.090847e-03	2.704980e-03
523           	-6.421255e-04	3.883189e-01	3.161544e-03	9.386466e-04	2.222898e-03
524           	-9.684425e-04	3.867792e-01	3.413060e-03	7.380875e-04	2.674972e-03
525           	-2.013911e-03	3.857116e-01	4.320713e-03	1.464456e-04	4.174268e-03
526           	-1.400257e-03	3.845552e-01	1.933024e-03	-4.337444e-04	2.366769e-03
527           	2.239590e-03	3.830267e-01	-6.697322e-03	-1.109071e-03	-5.588251e-03
528           	7.154692e-04	3.813375e-01	3.751029e-03	2.590984e-03	1.160045e-03
529           	-1.806904e-04	3.793800e-01	2.138247e-03	8.884333e-04	1.249814e-03
530           	-3.502578e-04	3.775982e-01	2.630330e-03	9.649074e-04	1.665423e-03
531           	-5.417608e-04	3.765940e-01	1.958673e-03	4.375755e-04	1.521097e-03
532           	-2.979585e-03	3.748370e-01	7.790026e-03	9.154279e-04	6.874598e-03
533           	3.911155e-03	3.728995e-01	-4.659711e-03	1.581300e-03	-6.241011e-03
534           	2.611693e-05	3.709182e-01	8.289791e-03	4.171012e-03	4.118779e-03
535           	-1.155379e-03	3.700527e-01	2.566160e-03	1.277009e-04	2.438459e-03
536           	-1.105755e-05	3.674595e-01	1.309870e-03	6.438776e-04	6.659927e-04
537           	3.517422e-03	3.652959e-01	-2.055727e-03	2.489558e-03	-4.545285e-03
538           	-2.989321e-03	3.638324e-01	1.059906e-02	2.310210e-03	8.288852e-03
539           	-6.339273e-05	3.604490e-01	3.620704e-03	1.746959e-03	1.873745e-03
540           	1.085128e-04	3.581689e-01	8.120817e-03	4.168921e-03	3.951896e-03
541           	-1.574783e-03	3.570511e-01	4.715774e-03	7.831040e-04	3.932670e-03
542           	-7.053802e-04	3.535525e-01	2.553255e-03	5.712471e-04	1.982008e-03
543           	3.567434e-03	3.510542e-01	-6.445241e-03	3.448139e-04	-6.790055e-03
544           	-7.017722e-04	3.506432e-01	-6.481511e-03	-3.942527e-03	-2.538983e-03
545           	1.301818e-03	3.508566e-01	-1.042330e-02	-3.909831e-03	-6.513467e-03
546           	-1.854480e-03	3.477771e-01	8.861015e-03	2.576027e-03	6.284988e-03
547           	-2.862995e-03	3.434450e-01	1.511269e-02	4.693349e-03	1.041934e-02
548           	-2.232791e-03	3.418723e-01	-2.934734e-03	-3.700158e-03	7.654245e-04
549           	-8.010612e-03	3.366021e-01	2.809862e-02	6.038696e-03	2.205992e-02
550           	-4.015471e-03	3.338362e-01	7.290130e-03	-3.704059e-04	7.660536e-03
551           	1.387537e-03	3.283409e-01	-1.406926e-03	6.840746e-04	-2.091000e-03
552           	-2.994047e-03	3.227827e-01	1.013787e-02	2.074890e-03	8.062984e-03
553           	-3.404516e-03	3.133482e-01	1.490714e-02	4.049055e-03	1.085809e-02
554           	4.633023e-03	3.049179e-01	3.781408e-03	6.523727e-03	-2.742318e-03
555           	1.426144e-03	2.924628e-01	7.134821e-03	4.993554e-03	2.141267e-03
556           	5.009714e-03	2.839808e-01	7.285742e-03	8.652585e-03	-1.366842e-03
557           	-1.496241e-03	2.734950e-01	1.400741e-02	5.507462e-03	8.499944e-03
558           	-9.949989e-04	2.627274e-01	1.134432e-02	4.677160e-03	6.667158e-03
559           	-6.180223e-03	2.504687e-01	1.723339e-02	2.436469e-03	1.479692e-02
560           	6.663111e-03	2.373098e-01	-1.961234e-02	-3.143059e-03	-1.646928e-02
561           	-1.483215e-03	2.288550e-01	2.217759e-02	9.605580e-03	1.257201e-02
562           	-2.301283e-03	2.177920e-01	1.999940e-02	7.698418e-03	1.230098e-02
563           	-2.728166e-03	1.987694e-01	4.824162e-03	-3.160854e-04	5.140247e-03
564           	2.179753e-03	1.828974e-01	-1.186526e-02	-3.752877e-03	-8.112383e-03
565           	2.681578e-04	1.652911e-01	-3.532435e-03	-1.498060e-03	-2.034375e-03
566           	-7.940397e-03	1.461421e-01	3.176300e-02	7.941104e-03	2.382190e-02
567           	-1.938921e-03	1.271495e-01	-6.338050e-03	-5.107946e-03	-1.230104e-03
568           	3.618645e-03	1.057593e-01	-1.491493e-02	-3.838821e-03	-1.107611e-02
569           	-1.565159e-03	8.286031e-02	-2.200047e-02	-1.256539e-02	-9.435074e-03
570           	4.775297e-03	5.827741e-02	-6.306629e-03	1.621982e-03	-7.928611e-03
571           	2.222321e-04	3.004227e-02	1.635352e-02	8.398991e-03	7.954527e-03
572           	2.656984e-03	1.637685e-05	-2.032351e-02	-7.504769e-03	-1.281874e-02
573           	8.151291e-04	-2.809317e-02	7.041559e-04	1.167207e-03	-4.630512e-04
574           	1.331277e-03	-6.710431e-02	4.932418e-02	2.599337e-02	2.333081e-02
575           	-3.733903e-03	-1.041989e-01	1.790857e-03	-2.838474e-03	4.629331e-03
576           	-2.383681e-03	-1.495322e-01	1.324362e-02	4.238130e-03	9.005493e-03
577           	-7.203998e-04	-1.293588e-01	-2.136652e-03	-1.788726e-03	-3.479259e-04
578           	2.969555e-03	-9.380756e-02	1.246772e-02	9.203414e-03	3.264304e-03
579           	-6.006687e-03	-5.672208e-02	-2.343140e-02	-1.772239e-02	-5.709015e-03
580           	2.818483e-03	-2.278538e-02	6.158848e-03	5.897907e-03	2.609412e-04
581           	-2.856376e-03	8.495337e-03	-8.030154e-03	-6.871453e-03	-1.158700e-03
582           	-2.999090e-03	3.729956e-02	-8.342326e-03	-7.170253e-03	-1.172073e-03
583           	-5.093081e-03	6.592610e-02	-9.592650e-03	-9.889406e-03	2.967563e-04
584           	-1.360954e-04	6.680387e-02	3.473683e-04	3.758873e-05	3.097795e-04
585           	-2.840889e-05	6.679361e-02	-1.696397e-04	-1.132287e-04	-5.641095e-05
586           	6.124038e-05	6.681347e-02	-1.072897e-04	7.595526e-06	-1.148852e-04
587           	-1.699718e-04	6.681696e-02	3.470929e-05	-1.526171e-04	1.873264e-04
588           	-5.702475e-05	6.679320e-02	5.066551e-04	1.963028e-04	3.103523e-04
589           	-1.475969e-04	6.678116e-02	-1.707485e-04	-2.329712e-04	6.222268e-05
590           	6.761699e-05	6.680173e-02	-1.861497e-04	-2.545785e-05	-1.606918e-04
591           	1.224464e-04	6.686931e-02	3.791539e-05	1.414041e-04	-1.034887e-04
592           	1.182898e-06	6.677138e-02	2.552934e-04	1.288296e-04	1.264638e-04
593           	7.502341e-06	6.676398e-02	-9.303042e-05	-3.901287e-05	-5.401755e-05
594           	6.949848e-05	6.763045e-02	-6.528210e-03	-3.194607e-03	-3.333604e-03
595           	8.067265e-05	6.884644e-02	-6.991831e-03	-3.415243e-03	-3.576588e-03
596           	-8.931172e-04	6.963991e-02	-5.525481e-03	-3.655858e-03	-1.869624e-03
597           	-1.675221e-03	7.044776e-02	-6.528005e-04	-2.001622e-03	1.348821e-03
598           	-1.585741e-03	7.106331e-02	5.821896e-03	1.325207e-03	4.496689e-03
599           	-1.264496e-03	7.126953e-02	1.070953e-02	4.090268e-03	6.619260e-03
600           	-1.296485e-03	7.109369e-02	1.218751e-02	4.797272e-03	7.390242e-03
601           	-1.100188e-03	7.073573e-02	1.217690e-02	4.988262e-03	7.188638e-03
602           	-9.808124e-04	7.070222e-02	1.246075e-02	5.249562e-03	7.211187e-03
603           	-1.040002e-03	7.110976e-02	1.325802e-02	5.589006e-03	7.669011e-03
604           	-1.083873e-03	7.133241e-02	1.888064e-02	8.356444e-03	1.052419e-02
605           	-8.026199e-04	7.142589e-02	1.924666e-02	8.820708e-03	1.042595e-02
606           	-1.673435e-05	7.197746e-02	1.691904e-02	8.442787e-03	8.476256e-03
607           	8.796063e-04	7.242622e-02	1.227509e-02	7.017149e-03	5.257937e-03
608           	7.647784e-04	7.320387e-02	5.803773e-03	3.666665e-03	2.137108e-03
609           	5.847555e-04	7.444143e-02	2.454050e-03	1.811781e-03	6.422696e-04
610           	1.702400e-04	7.591691e-02	7.261831e-04	5.333316e-04	1.928515e-04
611           	1.134361e-04	7.744581e-02	3.047387e-04	2.658054e-04	3.893327e-05
612           	1.042807e-04	7.859462e-02	2.278307e-04	2.181961e-04	9.634680e-06
613           	2.710341e-05	7.923694e-02	9.916567e-05	7.668624e-05	2.247942e-05
614           	6.936925e-05	7.941805e-02	3.373464e-04	2.380424e-04	9.930392e-05
615           	-1.401105e-05	7.938735e-02	9.187728e-05	3.192759e-05	5.994969e-05
616           	1.356905e-04	7.943630e-02	3.728636e-04	3.221223e-04	5.074137e-05
617           	2.018056e-05	7.939328e-02	-2.615770e-04	-1.106079e-04	-1.509691e-04
618           	6.221142e-05	7.938785e-02	-1.525349e-04	-1.405604e-05	-1.384789e-04
619           	5.903572e-05	7.939116e-02	-1.831901e-04	-3.255935e-05	-1.506308e-04
620           	2.614095e-05	7.942332e-02	1.172408e-04	8.476134e-05	3.247943e-05
621           	3.847858e-05	7.938248e-02	5.645889e-05	6.670803e-05	-1.024914e-05
622           	-4.842421e-05	7.940385e-02	-1.342495e-04	-1.155490e-04	-1.870056e-05
623           	1.971506e-05	7.939122e-02	1.801838e-04	1.098070e-04	7.037685e-05
624           	-1.030454e-05	7.939298e-02	1.583113e-04	6.885112e-05	8.946021e-05
625           	-1.525442e-04	7.940947e-02	4.162680e-05	-1.317308e-04	1.733576e-04
626           	-1.036159e-04	7.940113e-02	-4.608994e-05	-1.266608e-04	8.057089e-05
627           	-9.739662e-05	7.941149e-02	-9.676563e-05	-1.457794e-04	4.901380e-05
628           	7.540035e-06	7.939509e-02	1.806667e-04	9.787339e-05	8.279332e-05
629           	-1.197776e-05	7.941491e-02	7.476066e-05	2.540257e-05	4.935809e-05
630           	-3.334398e-05	7.941519e-02	5.877198e-05	-3.957996e-06	6.272997e-05
631           	-3.715861e-05	7.939226e-02	-1.662289e-05	-4.547005e-05	2.884716e-05
632           	1.303024e-05	7.940600e-02	2.302340e-04	1.281472e-04	1.020868e-04
633           	-6.186786e-05	7.937734e-02	-6.090256e-05	-9.231914e-05	3.141658e-05
634           	5.621939e-05	7.941127e-02	4.554060e-04	2.839224e-04	1.714836e-04
635           	1.137779e-04	7.941501e-02	3.267964e-04	2.771761e-04	4.962032e-05
636           	8.522334e-06	7.940377e-02	1.089064e-04	6.297553e-05	4.593086e-05
637           	1.876768e-05	7.935584e-02	-1.827003e-04	-7.258245e-05	-1.101178e-04
638           	-4.394219e-05	7.938269e-02	-3.065517e-04	-1.972180e-04	-1.093337e-04
639           	2.198046e-05	7.941838e-02	-9.795495e-05	-2.699702e-05	-7.095793e-05
640           	6.024118e-05	7.939687e-02	-7.880000e-05	2.084118e-05	-9.964118e-05
641           	-1.145649e-04	7.940481e-02	-3.021715e-04	-2.656506e-04	-3.652083e-05
642           	5.072955e-06	7.937115e-02	-1.742069e-04	-8.203051e-05	-9.217642e-05
643           	1.345803e-04	7.939621e-02	-2.859097e-04	-8.374553e-06	-2.775351e-04
644           	2.096520e-04	8.017990e-02	-6.097437e-03	-2.839066e-03	-3.258370e-03
645           	-1.390445e-04	8.140301e-02	-6.959146e-03	-3.618617e-03	-3.340528e-03
646           	-8.071080e-04	8.231042e-02	-4.662049e-03	-3.138133e-03	-1.523917e-03
647           	-1.780075e-03	8.321047e-02	-5.306986e-04	-2.045425e-03	1.514726e-03
648           	-1.741073e-03	8.381855e-02	5.716845e-03	1.117349e-03	4.599496e-03
649           	-1.378638e-03	8.401606e-02	9.811376e-03	3.527049e-03	6.284326e-03
650           	-8.648404e-04	8.381170e-02	1.148501e-02	4.877664e-03	6.607345e-03
651           	-8.598041e-04	8.362867e-02	1.210783e-02	5.194110e-03	6.913718e-03
652           	-7.763882e-04	8.377149e-02	1.206205e-02	5.254637e-03	6.807413e-03
653           	-6.426257e-04	8.440264e-02	1.266204e-02	5.688396e-03	6.973648e-03
654           	-7.561789e-04	8.488306e-02	1.805871e-02	8.273174e-03	9.785532e-03
655           	-1.998111e-04	8.507530e-02	1.939834e-02	9.499357e-03	9.898979e-03
656           	2.533415e-04	8.551406e-02	1.590891e-02	8.207797e-03	7.701114e-03
657           	1.183690e-03	8.603190e-02	1.170851e-02	7.037944e-03	4.670565e-03
658           	1.302122e-03	8.679853e-02	5.859808e-03	4.232026e-03	1.627782e-03
659           	4.859669e-04	8.804012e-02	2.225596e-03	1.598765e-03	6.268313e-04
660           	4.415390e-04	8.957920e-02	1.107919e-03	9.954985e-04	1.124204e-04
661           	3.457599e-04	9.102510e-02	1.173400e-03	9.324601e-04	2.409403e-04
662           	3.898071e-05	9.203371e-02	3.943765e-04	2.361690e-04	1.582075e-04
663           	-1.814499e-04	9.247256e-02	-2.942953e-04	-3.285976e-04	3.430229e-05
664           	-1.133059e-04	9.252033e-02	-2.794457e-04	-2.530288e-04	-2.641699e-05
665           	7.714122e-05	9.247212e-02	7.698811e-05	1.156353e-04	-3.864716e-05
666           	-1.597248e-04	9.255891e-02	-2.698746e-04	-2.946621e-04	2.478756e-05
667           	-5.268320e-05	9.249631e-02	-1.576745e-04	-1.315204e-04	-2.615404e-05
668           	9.583684e-06	9.251325e-02	3.646849e-04	1.919261e-04	1.727587e-04
669           	-5.718369e-05	9.250743e-02	-2.314836e-04	-1.729255e-04	-5.855810e-05
670           	-1.516371e-04	9.254855e-02	-9.320364e-05	-1.982389e-04	1.050353e-04
671           	-1.454308e-05	9.252675e-02	-3.083352e-04	-1.687107e-04	-1.396245e-04
672           	-8.960392e-05	9.252943e-02	1.476676e-04	-1.577012e-05	1.634377e-04
673           	4.339014e-05	9.248676e-02	-2.537407e-04	-8.348022e-05	-1.702605e-04
674           	-1.129950e-04	9.256825e-02	1.289721e-04	-4.850899e-05	1.774811e-04
675           	-9.784301e-06	9.252252e-02	3.524022e-05	7.835807e-06	2.740441e-05
676           	-7.854202e-05	9.250082e-02	-1.607028e-04	-1.588934e-04	-1.809374e-06
677           	-9.648541e-05	9.248914e-02	-4.519407e-04	-3.224557e-04	-1.294849e-04
678           	3.905564e-05	9.246023e-02	-3.320106e-04	-1.269497e-04	-2.050609e-04
679           	-8.678358e-07	9.247057e-02	1.229752e-05	5.280922e-06	7.016593e-06
680           	-3.692646e-05	9.252032e-02	-2.163894e-04	-1.451212e-04	-7.126823e-05
681           	-3.167652e-05	9.252851e-02	1.761769e-04	5.641194e-05	1.197650e-04
682           	3.314905e-05	9.246742e-02	-2.264727e-04	-8.008731e-05	-1.463854e-04
683           	-1.078989e-04	9.248963e-02	-1.200166e-04	-1.679072e-04	4.789060e-05
684           	-2.051139e-05	9.255651e-02	9.572655e-05	2.735188e-05	6.837467e-05
685           	-5.199803e-05	9.250323e-02	5.442930e-06	-4.927656e-05	5.471949e-05
686           	4.113389e-05	9.248406e-02	-1.332789e-04	-2.550555e-05	-1.077733e-04
687           	-1.076252e-04	9.255742e-02	-1.890202e-04	-2.021353e-04	1.311510e-05
688           	-1.963163e-05	9.250268e-02	-1.682503e-04	-1.037568e-04	-6.449353e-05
689           	4.946210e-05	9.254961e-02	2.887243e-04	1.938243e-04	9.490006e-05
690           	1.520589e-05	9.256164e-02	2.986968e-04	1.645543e-04	1.341425e-04